SQUARE 4X6 CROSS-SECTION
CORNER NODES      35
    1           -2.0      -3.0
    2           -2.0      -2.0
    3           -2.0      -1.0
    4           -2.0       0.0
    5           -2.0       1.0
    6           -2.0       2.0
    7           -2.0       3.0
    8           -1.0      -3.0
    9           -1.0      -2.0
   10           -1.0      -1.0
   11           -1.0       0.0
   12           -1.0       1.0
   13           -1.0       2.0
   14           -1.0       3.0
   15            0.0      -3.0
   16            0.0      -2.0
   17            0.0      -1.0
   18            0.0       0.0
   19            0.0       1.0
   20            0.0       2.0
   21            0.0       3.0
   22            1.0      -3.0
   23            1.0      -2.0
   24            1.0      -1.0
   25            1.0       0.0
   26            1.0       1.0
   27            1.0       2.0
   28            1.0       3.0
   29            2.0      -3.0
   30            2.0      -2.0
   31            2.0      -1.0
   32            2.0       0.0
   33            2.0       1.0
   34            2.0       2.0
   35            2.0       3.0
ELEMENTS          24
    1    1    8    9    2    1
    2    8   15   16    9    1
    3   15   22   23   16    1
    4   22   29   30   23    1
    5    2    9   10    3    1
    6    9   16   17   10    1
    7   16   23   24   17    1
    8   23   30   31   24    1
    9    3   10   11    4    1
   10   10   17   18   11    1
   11   17   24   25   18    1
   12   24   31   32   25    1
   13    4   11   12    5    1
   14   11   18   19   12    1
   15   18   25   26   19    1
   16   25   32   33   26    1
   17    5   12   13    6    1
   18   12   19   20   13    1
   19   19   26   27   20    1
   20   26   33   34   27    1
   21    6   13   14    7    1
   22   13   20   21   14    1
   23   20   27   28   21    1
   24   27   34   35   28    1
END FE MODEL
